 2447 3.56149292 2.287568650149411 0.3489085159481156
 3302 6.5863906 2.58447255030694 1.140643177480075
 3831 10.891504 2.881990830795781 2.123531248444212
 3732 10.25972544 2.518441707683773 1.45942821810998
 2139 2.82391104 2.96324800958915 0.6174751037626077
 3605 11.12183606 2.566779309921432 0.1174437572398079
 3280 13.57437622 3.041019905492627 1.658145640174205
 1688 10.14721598 2.185830007800213 1.235201157946384
 3569 3.00204424 3.048110783799069 1.748061509087791
 1694 5.577221740000001 2.762322665736006 2.960620266301957
 3305 7.799488360000001 2.439226050988437 1.755667399149911
 2290 12.00420888 2.321228469710111 0.3410798869668556
 2108 14.33109358 2.603967797766571 0.7278246766933044
 1443 7.68190852 2.183878756225488 2.413668953896047
 1789 8.143695579999999 3.051018474407623 0.1918060972971095
 3469 9.216496959999999 2.506386023899206 2.043684812303912
 1855 11.61374524 2.552564985464706 0.5606781559305782
 1494 11.9218536 2.169659779070041 1.626766847263473
 3926 4.13514138 2.661122080818995 0.8985921971485583
 3099 3.13114594 2.689170858820751 2.046571181970325
 1202 9.356587680000001 2.369559411771344 1.24409516382833
 2487 8.311203200000001 3.03765909250367 1.299404347627398
 1247 12.79106712 2.112305185975629 0.2261535067699251
 2240 8.923534499999999 2.856232106286884 1.226991799351436
 2920 4.59235226 2.990426754921421 1.678380764119683
 3733 8.40325754 2.647400483754058 1.419469829910073
 3378 4.56164648 2.728481293535855 1.863471905040082
 2803 2.89481362 2.624799625348696 3.033927697245295
 3112 1.44099153 2.158809739062155 0.3101267138872388
 3981 10.81042398 2.777501542913188 0.207065802417281
 1450 9.06077062 2.43240006130257 2.715672172057153
 2023 8.45851302 3.134691370399995 2.210915370670123
 1374 3.65403026 2.335743067592667 2.673886947729184
 1324 7.44981652 2.786017908414221 1.897718972043542
 2798 3.95289554 2.280257776581413 2.495364060233352
 2471 7.70321806 2.421517919453751 1.154262578535991
 3709 11.231529 2.68009815914867 2.822454340865992
 1466 1.530854912 2.429624610800781 0.4192527338687346
 1265 9.95103314 2.191359875840976 1.811285024515709
 2061 12.00081822 2.885440917375977 2.298238985821525
 1619 14.5107154 2.992636079955058 2.294222208286498
 1634 1.277923212 2.368232005099399 2.270877441684717
 1146 13.6783909 2.843291676707237 2.500069506293972
 3944 13.91626616 2.572904316038504 1.533029450798281
 1651 4.46367518 2.641358436626993 1.172173709315976
 2281 14.4900745 2.438663569767763 2.487327552066204
 1208 8.295353240000001 2.502670776427071 0.2852836180764035
 2391 4.3318747 2.643021145482856 1.316835411633988
 3255 4.08453936 2.66242531817146 3.138029553449871
 1432 7.42685876 3.106290702605111 1.832555460320178
 2571 14.5431002 3.131578753702647 2.409704201135364
 3467 2.71396442 2.929964584244277 1.196861224033827
 1821 3.20486476 2.333950527184406 1.738740623596075
 1509 1.162632428 3.077048150810917 2.844258658926012
 1948 10.40983988 2.137384007002436 2.853378011248999
 1344 2.99339966 2.531386535493135 1.415008422766783
 2133 3.74818502 2.500284003768384 0.1605238235374732
 2679 4.90662986 2.730931976661092 2.35956783813599
 1307 4.0348031 3.073365031359653 1.659932546659641
 2970 9.43181304 2.686422363183929 0.7385653735688831
 2576 2.94321344 2.367676728597877 2.53307269110217
 1035 5.375819 2.793514125476805 1.027235892419639
 3187 8.023254139999999 2.676966965166763 2.569279986257763
 3134 1.14463407 2.886125637966803 3.130769207163719
 2776 8.64424668 2.817567164142337 2.742486827744824
 3458 6.40862364 2.639724389568106 1.045692246604655
 1133 8.838036079999998 2.534333694977394 2.061842620939057
 2011 10.27554894 2.974863776154435 0.8180891053118056
 2319 1.965681682 2.870765030126586 2.913829291071611
 3610 12.33489196 2.651120244647639 1.37998371733378
 2990 1.97533702 2.218034460478593 1.632681272424974
 2268 2.44302004 2.197251843850991 0.3476341603041135
 2207 14.7015452 2.536814474560252 2.228371944409059
 3078 9.419116020000001 2.573156156577591 1.935113475062927
 1264 5.65178042 2.970215873599253 1.654222136525063
 2913 14.94105846 3.032770680086904 2.05965886846962
 2871 6.97262204 2.779381932724019 3.098515009460064
 3103 4.69435794 2.904487817676039 2.524437740950439
 3909 12.92619344 2.284076057820611 2.03454573077906
 2686 9.54442596 2.821036445853648 2.781494664255534
 2049 1.0460423194 2.839986365188493 0.6941984198141203
 2992 12.88033602 2.880103162961969 1.337194345745944
 3154 1.195909644 2.921580636873593 3.039656045873924
 2229 12.2651385 2.809753154038892 2.077280344406944
 3746 1.257964784 2.210867513742032 1.890224828432109
 1288 8.706545699999999 2.841377870822547 0.9771382652576839
 1135 6.51280506 2.483511365222109 0.03650116915718862
 1819 5.1302772 2.323780081735332 3.085003647775505
 2035 8.332641819999999 2.902320956503103 0.7054619405391094
 3246 7.36346844 2.549100426614352 2.32598879939439
 3725 13.71712974 2.851017261449459 2.538122801292815
 3262 1.574075054 3.105554931133665 1.906236049638909
 2620 6.05625708 2.985429266407723 0.4999312836551902
 3873 3.91900546 2.415459316133401 0.5485348950148045
 1774 3.53123122 3.076019321104769 1.133438060392773
 2739 3.84144476 3.071848930160957 2.238075790045247
 2844 2.5179332 2.57619699835478 0.01686757695266774
 3108 5.91073268 2.914554894254835 0.5155375535689425
 2864 9.869951440000001 2.544343029083217 2.985628977452711
 1956 3.93889092 2.678117353564655 3.111777022935708
 2021 7.2176296 2.795317012196871 1.158888887877667
 1470 5.41742364 2.673417593786738 1.04888140297102
 2838 13.53642992 2.139859025951565 1.9632377664801
 2784 13.06637698 2.345211995402195 1.599340209326883
 3485 2.010622774 2.781122217974475 1.791668637243356
 1658 6.80338234 2.271463348714611 2.847726505976677
 1498 13.70322872 2.989721561618469 2.090410159663725
 3048 2.209973324 2.540079783132541 2.490627323909901
 1985 13.97046282 3.086190551952007 0.8674016170537024
 3190 13.31143774 2.751877027242453 0.6108491392809949
 1411 5.281784640000001 2.769488628106869 2.659326545425738
 2530 1.072932818 2.995572955959364 0.1661542738558311
 2159 14.9699574 3.046272135282629 0.4337443667089932
 1471 9.251330079999999 2.687940527361802 0.9327789455730694
 2116 4.94347464 2.94578780207471 1.783854396756449
 1159 8.984267339999999 2.571799983388914 1.392956892780853
 2001 8.523437319999999 3.103324054774424 2.905688733355776
 1714 4.77497932 2.100093297387217 3.134703800634928
 2227 8.277812919999999 2.182814931271573 1.916198354102708
 1868 13.05039262 3.029642355426288 2.570282279977965
 2490 14.58743904 3.001933267366189 2.579845822086243
 3858 13.09274766 2.510209467822331 0.2111925482615541
 2090 1.67121901 2.434297426185706 0.664551178526267
 2293 4.25466512 2.329222168441366 1.122513580346959
 2219 14.7631228 2.33945192715974 0.6809253793482628
 2097 7.2376209 3.091922481996261 0.6858108700838602
 2812 5.081429379999999 2.76083416866476 1.052821022990474
 2530 9.142543640000001 2.156042079710146 0.8776548015812969
 2649 13.6002177 2.833741046544765 2.329765276507343
 1566 6.6691628 2.377222813922977 2.247930463544734
 3820 7.4569813 2.234705688414011 0.9110029332628585
 3320 1.176650922 2.786984838273118 0.02494663642151234
 3684 14.72550032 2.584526009741928 0.9578589708770605
 2425 13.55030308 2.340593613345981 1.087990021774057
 2818 7.40449516 3.083179743800585 1.386170518578348
 2451 1.0376552848 2.59555537709447 0.6528399808481414
 3249 9.21953216 2.560697113240254 1.181075914754747
 1875 7.1292945 2.907988881833028 2.357561931226673
 1406 10.99315898 2.615273237809534 1.003458120102414
 3675 10.2857226 2.213113888625031 3.063273031479139
 1730 2.64980242 2.930705926806696 3.015637187736463
 3521 6.71509428 2.282368738349066 2.682179338617967
 2363 1.237553974 2.547413894014199 1.860106630989556
 2313 3.50009032 2.635794927364898 0.3581816806474227
 3696 11.7498412 2.63082884430576 0.6356828323050181
 1979 2.88289262 2.766307388553991 1.541179433292077
 3300 7.29754622 3.054997887934024 0.2863669617454747
 3511 6.14637774 2.107847920498655 2.917365185019153
 2561 5.46689306 3.121580834050132 2.71979387878681
 2002 7.30992082 2.287025437363678 2.179883503836126
 3476 14.80198484 2.459311540875825 1.005325042952736
 3637 11.03921366 3.124684486736443 0.9257572660808104
 1891 14.945057 2.605047542217659 1.911305512040301
 1329 2.81752634 2.266294716705121 0.8535225633649673
 2382 1.321468952 3.096421274092128 0.9594412968488941
 3197 11.42462134 3.11310252370811 0.9125543145470544
 2249 3.57934558 2.414614091573904 2.826032206491386
 3402 6.04687288 2.803089626581118 2.883605064877
 2984 5.0390196 2.251927009223071 1.634087512128574
 1100 6.75876532 2.535426749309357 1.544340440988266
 1279 12.43580774 2.681290163177246 2.77073207047916
 2756 3.88809234 2.314048401588233 1.949132612368086
 3835 2.77007306 3.079595144694938 0.489767100447472
 1429 12.66431784 2.582820659001781 0.3670762206001192
 2906 10.67688554 2.588109812977438 0.4978622935653891
 2166 4.38764804 2.175930245115764 3.026033943048326
 3487 10.05173584 2.398034064073221 1.527607438869304
 2744 1.821851688 2.957826720226483 1.998355682967135
 3963 11.09340654 2.734565814995597 1.25908122052041
 3025 14.97470256 2.411619923391572 2.508884249793268
 1593 11.07050016 2.237911076342419 2.182962673043689
 1283 14.36339242 2.477376672527689 2.258085127726712
 1387 11.95889242 2.489505304093672 0.3884023254264094
 3966 4.45380546 3.095370034358384 2.942925748335437
 3882 1.0904824354 3.017043793959205 1.016059739386347
 3644 8.66844246 2.297839574203523 3.055101466243813
 3348 14.99645814 2.179482215640112 1.620014842084598
 2749 9.851470599999999 2.574628736246059 1.614054392590721
 1178 4.76237302 2.214537867855148 0.3975987410171893
 3444 9.679835499999999 2.932907104643384 2.029241559990519
 2483 14.05558198 2.243272068070088 1.066728256765312
 2375 8.892863439999999 2.32770382623991 3.079951432717781
 3806 5.83200186 2.83750149106321 3.062473119157681
 1807 7.13699982 2.904988608488972 2.968931318251102
 1457 11.41406884 2.822213003718343 0.1117490299357575
 1102 4.27894 2.209198971995809 1.159595557729166
 1722 3.37202756 2.804386863491614 0.2145017040425084
 3452 3.12628906 2.644036822387762 0.5183743174873545
 1189 11.2678604 2.148203840596959 2.918884867633474
 3692 10.55802456 3.036565462213053 1.07986036538473
 2182 1.588985208 3.028692955654398 1.064052813629662
 1598 10.87880418 2.208335735638431 1.486684864468084
 1968 1.349564614 2.532445074193811 2.212661939105886
 1349 12.34126322 2.741864844759291 1.127400579047031
 1652 9.17367138 2.488476516275425 0.7970555770093444
 2065 13.32811566 2.354470928686781 2.692321090854139
 2973 3.10908138 2.8998121434418 2.773315999020811
 2891 8.67886854 3.102795083875388 2.726137037097747
 1991 6.38959946 2.667182181631843 0.581342327184757
 1269 6.40090292 2.903859184986056 0.7224244360014163
 2550 4.01437654 2.233231506533289 1.364017986388604
 2701 7.976398939999999 2.418204691121521 0.1482709084717186
 3251 11.12888128 2.304933552214716 1.993951327146435
 3845 7.15967674 2.860476575985467 0.3004827941309183
 1023 13.73005986 2.982315571096897 1.817635534153455
 1479 7.42463346 2.627477058159694 2.07399885663249
 3799 7.072898159999999 2.807655805839405 1.637840427296626
 1279 8.048525120000001 2.537924106029451 0.231969989638858
 2145 7.599328679999999 2.317985937684561 2.755702000074002
 1865 10.21993324 2.40576460205986 1.055973831129838
 1587 7.61441004 3.13644880874634 2.980974362361227
 2152 8.07126042 2.948376882828313 2.861666035323994
 1893 9.832964 2.420337706869602 2.994907168700264
 1310 11.37149834 3.065992237000453 0.7757966708499144
 1378 7.62512844 2.831897842718977 0.6742469188534085
 2461 12.0370995 2.996517622398323 1.569923655187582
 2614 8.36201046 2.20002129076922 1.701267549344424
 2112 14.90723502 2.325270181018832 0.1446685352820342
 2814 10.33669002 2.594316531919429 0.1366486744143575
 2105 8.563146639999999 3.046869079774713 2.423112518580885
 3532 11.83892082 2.737046887793769 1.445798638293866
 3619 6.65209932 2.357767695073507 2.142132964121309
 1827 1.411958638 2.550385872080421 1.883959927194174
 1125 12.9710276 2.262058530339168 1.684106033987512
 2179 13.16122334 2.724623365397369 2.991650688003333
 2469 14.0120375 2.649013492614142 1.28845460917665
 2070 9.57157378 2.873722881497843 2.556971508984338
 3143 3.7606005 2.244660882406436 3.128001652531466
 1937 4.627324959999999 2.923558583608293 1.991152073844306
 1783 2.4296254 2.261120848707875 0.805942859883011
 3295 2.276883972 2.309213888429428 2.745100852744096
 2336 11.13649532 2.120527965454394 0.20060422491286
 3234 4.15052234 2.877276850075118 0.6540693803012708
 2437 12.05594196 2.522587761756495 2.910792470533018
 1345 5.52364192 2.508064430246362 1.407565455699678
 2778 12.60404056 2.938101853759801 2.472725586491951
 2404 13.1129974 2.134534301816687 0.8503283176185034
 3087 10.21112304 2.821656460107785 3.096143735325134
 1895 13.4739972 2.356206993731106 1.900951168229261
 3218 9.731715300000001 2.41772449868442 1.321977067834559
 3671 1.8367051 2.605677106913463 2.938352783237019
 1108 11.25549966 2.955545693576515 1.17082411252792
 3272 12.08421916 2.543601162922023 1.844992460149062
 3129 4.62510428 2.427400677361305 0.5925853647256445
 3650 6.81237048 2.835673576321669 1.892065079160803
 1747 14.13349016 2.670959255647401 1.752806005145095
 3519 6.12278018 2.224266008474523 1.835753852968945
 3441 1.843158652 2.887262203357019 1.120129865505122
 3449 11.81073938 2.518969809408842 0.6392374815607018
 1333 3.50676216 2.883299880094654 1.731563309603757
 2953 13.7656256 2.256269601332202 2.525897356313223
 3690 8.337265599999998 2.801096977192799 1.176546523546434
 1925 11.19351312 2.187832585668514 1.48089751672942
 1808 13.78609696 2.896841285876957 2.804212683122923
 2725 13.9296818 2.12558176178042 2.628152867099359
 3528 6.24999076 2.39656653189695 2.735314634548531
 3258 9.623332620000001 2.83662134246538 2.973009545338433
 1546 9.565012679999999 2.938469461988173 0.8901328306102371
 3596 5.26333684 2.853517403715039 0.1585953663118451
 3131 6.30532814 2.953818079416429 0.526364361499156
 1244 5.05024564 3.022023385866753 0.4069570428774087
 3847 7.54075338 2.447736866342449 2.191311832511722
 2708 5.1654319 2.592254432389514 0.05982595837128522
 2642 12.6144287 2.811445048290508 2.538422163656776
 2042 1.94365285 2.198977521742806 0.8002809245230788
 3232 6.32546322 2.235062793250944 2.862688843644223
 1951 6.73802208 2.968561804123187 0.8578752714024425
 1632 7.70924898 2.499618740108059 2.98387967583134
 1448 3.99891284 2.959337135142476 1.137275264491721
 1340 12.47946688 2.12375934587322 2.513942433877033
 1528 14.0654671 3.110809642781863 0.315639709481057
 3546 13.13260832 2.195383759658585 2.115341681882981
 2095 7.7281473 2.849422620434424 0.8635437098591676
 3292 14.64488538 3.09026811930488 2.550511169267422
 3754 3.48754282 2.965428180642962 2.796606447485611
 2582 9.65970476 2.503864916738651 0.1019678194388825
 2348 7.50988086 2.911881535042312 2.108435707248154
 1699 3.6684588 2.59171547122584 2.292920834945674
 2192 5.33280134 2.437188068418127 1.360067339378936
 3992 5.55243824 2.338582669416443 0.6151846313907284
 1899 9.634522820000001 2.268072606819641 2.430939231190627
 1394 7.56588814 2.240068816424684 0.5353925762192627
 2568 6.21809414 2.65306466011675 1.26343606484089
 3236 14.11731218 2.105141364076561 2.767615641982725
 1994 13.78100138 2.171387592197663 2.820506773332252
 1215 14.50873748 2.984026398680238 1.534568674118907
 3630 9.083332460000001 2.738480061418386 1.129268632870708
 3039 7.038511079999999 2.501588707197419 1.090161961855116
 1433 1.0657215566 2.858102914240121 2.459881122095896
 3007 1.393085224 2.131522072618189 2.873728305981158
 1580 9.525845160000001 2.672188717932384 2.84218351131461
 3739 2.74753544 2.653836350464202 1.214811844633468
 3923 14.07878614 2.174548084672657 2.36990930141715
 2667 5.39806878 3.123519406156907 1.39722496631224
 1832 12.62262346 2.13001439717099 2.207000443568925
 2399 1.478403856 2.808874796148875 2.355042248254788
 1016 12.99824738 2.515046892190329 0.5150977305974399
 2238 13.65164782 2.46016724788281 2.113035721459319
 2707 3.5447849 2.361805982046236 0.4755899096159112
 3708 8.245119840000001 2.400353899864436 2.131079521697065
 1829 4.82612258 2.384622406067511 2.107360905569508
 3188 2.98205336 2.34705452902155 0.09805735968243842
 1176 5.25400752 2.412328666694222 0.9447548538481864
 3361 12.94854934 2.873439268985052 0.413121790141548
 3213 12.9291529 2.315180809604171 1.856235749017362
 2259 2.87448184 2.636856303970937 1.946291324556253
 2764 5.21081654 2.754924738635578 2.500807811983492
 2206 13.0972334 2.370925805608121 2.279983410823
 2181 8.587622 3.038857683404843 2.957933324937195
 3209 3.69222142 2.176125255290946 1.490185384082346
 3608 12.7716039 2.624249155483934 1.720273368084552
 3052 5.5838212 2.128227446703257 1.453524725690913
 3001 13.33590232 2.658559001980588 2.171345597481465
 2820 8.6323492 2.476407229394668 0.5544035785872695
 2051 7.58873292 2.272509509540232 0.9143190728042818
 1711 2.139304236 2.342277014825456 1.778224348561951
 2803 2.42385656 2.704633097183312 1.281426238092039
 3354 12.72526432 2.16716845106625 0.3687053248865648
 1617 13.39675626 2.292754016375769 2.68341668630051
 3269 7.84376798 2.969821687497031 1.473995940324308
 2453 7.81118102 2.855643057664336 1.233157174934105
 3957 1.75821333 2.888175579533148 0.7029626779194725
 2231 1.80270855 2.433054287500705 1.809202839736763
 3953 3.62646454 2.851696379533386 1.463313896983572
 2602 6.080106079999999 2.306595213873028 1.584098866815771
 3195 14.02840546 2.401477678972551 1.59485234997345
 1811 9.159044039999999 2.427808937798614 1.023645052016586
 3887 1.7375585 2.283040253778772 0.3755734747458427
 3838 4.5303366 2.381402807668333 0.9918881370140675
 1477 11.63240752 2.161922376703454 0.2214572310182607
 1257 4.42776434 2.526082563672128 0.4621168753617261
 1605 14.8301359 2.979495719418937 0.8217041359782914
 2680 6.01542958 2.456078527876016 0.4906350282498793
 2444 13.82910482 3.053949957344541 2.792809832763747
 1877 14.34621204 2.806120153462428 0.3862700636605649
 3771 14.24437884 2.703789464364093 2.925911385178419
 2117 9.604211419999999 2.269660200195157 2.661406719585386
 2673 4.34271238 2.61922125635335 1.440953171448675
 1259 3.4617495 3.078298577990874 0.6289670496894392
 2378 3.15408382 2.816880317740483 0.8128824495592316
 3125 11.49821304 3.006411628637833 2.59698053965782
 1229 6.77354302 3.110066184880391 1.322768466439925
 2752 4.0944872 2.542110739007282 0.9221112593107603
 2401 10.85352046 2.917668243990469 2.776635877057492
 1058 7.32720018 2.732944449499055 2.726999215785598
 3344 10.10421288 2.794228062879309 2.586119425535829
 2714 12.45039504 2.159707865947543 0.1393909926328246
 1064 13.51229896 2.463294944224895 2.157972183130325
 2103 13.38979126 2.579018075253875 2.652144833203705
 2903 5.6188219 2.445895725495837 0.845808351188151
 1422 3.7946212 2.140868045821638 0.2343603018252683
 1048 1.701610462 2.50757859341446 1.909595071920054
 2807 12.8449345 2.973535699276057 0.128052359569081
 2917 12.50539782 2.570604115201374 1.704709760999036
 2851 2.50496374 2.926990689806535 0.7246325043979919
 2084 14.42412554 2.485240215075306 2.135507093887476
 3481 12.16724854 2.693058276042279 0.08083385441928589
 2256 2.083834346 2.509611758876034 2.672784688530745
 3682 10.93702556 2.867451676130649 0.697349028838626
 1015 12.15291226 2.920476220448199 2.418738667624851
 3492 5.44066728 2.792259226763304 0.7725610189122762
 2121 9.93147836 3.12560785317721 0.2420947961242562
 1975 2.54035336 3.120553543724384 1.352141289609488
 1931 2.12247163 2.557756572044519 1.867154919771591
 1779 3.96377928 3.114690368411038 3.044934078611587
 3507 3.07794636 2.976594374827543 2.153016760542259
 1785 13.27112824 2.136782660091847 1.276812149545785
 2297 6.46835996 2.530754363275428 0.1900876335492253
 3030 10.70196766 3.092922482353825 2.01918802367606
 3752 10.37545364 2.934409916905155 0.3058327661987563
 3916 5.02694642 2.406568598451767 0.9978257157134257
 2671 12.56808492 2.320372301936203 1.931413621394795
 1154 13.22281942 2.274887496211465 1.284874136029354
 3817 5.15450154 2.494173627001103 2.934357525611669
 2011 6.619841220000001 2.34402267219935 3.023418221589021
 1169 12.39933396 2.626476157212235 1.508661090478108
 1746 1.644481572 2.511704991589146 3.020784812963075
 1255 2.305622486 2.922281274867196 0.2468157019623248
 2874 5.52193196 2.69764642550519 0.6412200150206762
 2506 13.6381325 2.772969963061993 0.004185856795005979
 3686 9.104343100000001 2.223545285231888 2.748727350223767
 1629 3.32214402 2.528315073659549 2.699635409702079
 3084 2.100663746 2.520293550889358 0.08796741545071712
 3877 8.717905999999999 2.332864279636526 0.03092968527630151
 3563 12.65395672 2.445027577781944 1.037825133113388
 2829 2.94719896 2.74302205041324 2.543358171202243
 2860 13.61864478 2.62958817700698 1.69852402789597
 2514 6.42589684 2.944924974124377 3.003370619309035
 3065 2.45616478 2.337014868074644 0.3565745046776993
 2236 5.30873408 2.47111651509466 2.598760628887197
 1800 14.00282648 2.577928005434933 2.175966220540438
 2591 2.366137374 2.869870754833791 2.5736564447357
 2491 11.46925488 2.801833534062409 2.465556220729047
 3884 7.01806604 2.194062658163095 1.384505725799358
 1291 5.182397379999999 2.189170209846967 2.376251768577703
 1607 4.80398536 2.798590447022157 2.867552248983466
 1553 14.88223172 2.818855279962162 0.4665292736596194
 3515 5.49113 2.804768629830878 2.605625542906042
 1962 4.52324658 2.579710775490041 0.9832542235879128
 2720 7.264952119999999 3.080593574256175 0.872517323698955
 3699 13.41910936 2.76855777420361 2.614749073547259
 3656 2.023054942 2.127109515146268 0.7650326319409197
 2302 5.50199232 2.118472941838333 0.6832109194196758
 1226 13.84626462 2.153937883885871 2.529146674178905
 3583 4.94805684 2.893367050921229 0.9499397697795975
 1725 9.87652192 2.725151194851074 1.209843478683669
 1185 7.90452364 2.523461019794438 0.08517019790062855
 3554 8.13077904 2.942996978712869 1.873900767428865
 1335 5.68979126 2.947681857813584 1.664899090485701
 1543 1.28860699 2.554875846772907 0.07770961278192189
 1219 9.77246384 3.117479505784821 1.241230879558272
 2737 14.7607995 2.699780153347606 1.111014440172951
 3662 9.58204718 3.068213049791227 0.3948303695708459
 1964 8.204371859999998 2.413696893126713 1.64664819646023
 3021 7.99400254 2.975602301755441 2.794355339269681
 1678 3.96931544 2.63667471991556 3.053386659309777
 1120 10.01643932 3.118336961611717 2.321645453303022
 3000 11.37779932 2.441443072924075 1.689680915815013
 2662 4.506797280000001 2.525838022099973 3.140526397043165
 3997 10.34491908 2.991125371823751 1.114688689860957
 2327 9.486052820000001 2.607056737327287 1.162522045533764
 3865 8.610240820000001 3.134144555254687 0.05052025619686486
 3986 2.15399949 2.745826215071884 0.03161913103191743
 1590 14.85646164 2.416329998065369 0.6710271633745973
 3638 2.077312978 2.848091391491416 2.408807653423882
 3139 2.184555778 2.258798688138097 2.510504369124724
 1681 1.299405078 2.303472889654381 1.102001367929435
 2854 14.25989 2.259001237088449 0.2028067955222917
 1068 8.748222859999998 2.429108614679404 0.649145122312328
 3181 9.648550820000001 2.764768060513609 1.839764944221268
 2615 1.24316635 2.162556415027197 2.895945617811419
 3228 8.790968359999999 2.300073518851588 1.189849314894721
 2637 8.09611756 2.791188289243622 0.7886834524990133
 3627 12.22498636 2.334615120638298 0.4480929000038808
 1970 8.179329920000001 2.265184184646028 2.780301644445333
 1019 11.6461677 2.369980008195807 1.492321792750493
 1570 14.68138856 2.375219566895439 1.096051065779829
 3779 13.8007278 2.875120188606331 1.020074223558736
 3722 5.62404908 2.21782400518673 2.286937546073207
 3548 8.804367619999999 2.569107177717865 1.24854749176885
 1803 12.82215692 2.726813359164211 1.060729479841062
 1621 11.2154423 2.971883493811632 1.59710581438387
 2135 11.3184711 3.003685752468117 0.1234611638084938
 2360 14.17241212 2.849923955790084 2.469647108434772
 2842 10.48262238 2.977269031849901 2.251998072048896
 2196 7.86165424 2.237384534941702 2.456673555996581
 3890 5.81967178 2.23075429789408 0.8231335606356747
 2040 13.06886674 2.376741406736716 0.9520880850839017
 2796 5.78147404 2.363096296980918 2.590669959662701
 1446 5.952099319999999 2.231658552979539 0.4563110236423328
 2967 4.14330142 2.998913578979534 2.217896555033076
 2899 1.925601656 2.718474095713037 2.950360735757203
 2098 14.0935707 3.070411326890699 1.266891408352794
 1092 5.29324392 2.6254511707211 1.207353892169405
 3223 13.89311464 2.842312745964403 0.1960522487949602
 2170 4.05707374 2.160730858574541 0.425170740445861
 2366 7.34288158 2.144526866100925 0.3375789275296217
 1376 4.20920866 3.058400944872196 2.38266438750221
 3791 7.637430940000001 2.102769458062629 2.711492345863405
 2019 4.86810564 2.494807830782058 3.122607663608958
 1062 6.01054358 2.589038101246696 0.322615019065749
 3828 6.161406879999999 2.392668454204351 0.5757599369508136
 3012 10.38608986 2.986688123527967 1.500327827468902
 2369 5.00084454 2.568610512863283 2.944479548645976
 3277 1.790323548 2.293798218941969 1.604932244250273
 1206 6.19156974 2.963902403338893 0.6974438106889848
 1655 4.6722266 2.096589951491483 0.1773427010916213
 3307 6.9387076 2.985904327576823 2.052299719094513
 1693 3.72789286 2.590181295397411 1.286460640319417
 3591 11.91034238 2.859869986803937 0.7176189302147792
 1514 2.78228162 2.696785157879208 0.1568809395105207
 1913 5.796091300000001 2.129587934345845 1.442243863374476
 3984 5.46181162 3.011270080732658 1.801197684664298
 2286 13.28996006 2.546545348365236 2.317827381503335
 3852 8.777394520000001 2.84649192289567 3.042095492569437
 3973 1.751774688 2.167788075762898 1.565174352493518
 1911 12.38717174 3.073825745922302 1.199821326879819
 3750 10.40723588 2.916453735686518 2.379688293949612
 3540 2.56779546 3.08591908693081 1.342669010767796
 3059 4.977237880000001 2.480037674809108 1.97061067603103
 3032 8.47168226 2.706821823841117 2.649696590048763
 1772 11.31174956 2.121343972155015 0.3294841428187495
 1365 12.54451564 2.610388302088639 1.582298891304897
 3867 4.20265736 2.289139111372989 2.583823926615704
 3438 13.89523522 2.474124328261084 1.230322044643873
 1813 6.170071340000001 2.473463860765544 0.453357486724987
 2539 1.516169262 2.668942049476507 2.309218475154703
 1173 10.1876393 2.890783310875138 0.3236071968576056
 2317 12.45420262 3.023748465808766 2.400934005419896
 1871 6.963867840000001 2.126436329436469 2.241354827377431
 1855 12.24351424 2.722562543448467 2.761167837220497
 3810 3.8465689 2.115493131781625 2.667375274388309
 1822 5.42567328 2.144801263275264 1.040923780195403
 3288 13.20017582 2.491229148342574 0.3335100623883984
 2944 9.37546206 2.814912424102275 2.202340864761047
 2088 11.5532455 2.644836860372925 0.2759153542258795
 1534 11.57061096 3.059912019522646 1.60560545614001
 2354 1.433699532 3.090757579440309 1.367110318869386
 3906 10.04279614 2.940734686427093 0.9038810055490236
 3080 10.86211786 2.520829276212599 2.222655282505102
 3263 4.23360632 2.177473147241388 1.798007522988284
 1441 5.19177402 2.098480259310322 1.573162103142682
 2176 3.81578822 2.676502868156024 0.1737121163999076
 1049 12.74740112 2.747388392962832 2.877295458775603
 1767 2.293600756 2.997306560089444 0.8856925349695798
 3579 3.59129206 2.461681265158378 2.197423329780383
 3762 11.72765722 2.978931405602548 0.1675156861738569
 2058 3.98635778 2.56152890225517 1.031398314190086
 1305 1.56342643 2.878241800730644 0.09396394613621992
 2900 3.39694742 2.960208644360508 0.3633645859595356
 1638 7.17662794 2.611836827629356 0.6885855875473638
 2422 10.90283084 2.701114733322777 2.900917785088328
 3475 7.166246520000001 2.343196443803431 2.170205544923403
 1077 5.69682892 3.051585584241474 1.165747707206764
 3975 7.82459218 2.586657423277757 3.115953738952729
 2352 1.209985342 2.784540710604552 0.218869281238013
 2418 1.695555224 3.057485296277381 1.617919117041315
 3062 6.10469736 2.453049561319057 2.544841819748827
 1982 11.7816457 2.462947745876796 2.320088102992784
 2274 9.73651282 2.881237434989548 1.885024424448916
 3406 9.29841936 2.227117475046554 0.3784193806988767
 3159 10.99731418 2.690970195541119 1.725825536197168
 3274 8.19078766 2.478621172569506 2.801409816989244
 2768 9.114405739999999 2.560248954576244 0.8298244932533638
 2917 14.4554315 2.5864205367197 1.262566314914743
 1595 3.01687318 2.277326775355369 0.8271976505560648
 3744 11.86519644 2.456871895212777 1.327600078861514
 1337 10.79744556 2.960794226759162 2.129050712577304
 1929 2.57995796 2.114542221950866 2.892845022941958
 3729 11.66997092 2.790649568935384 0.5945331207549437
 3371 5.7119051 3.118799068947109 2.829290697807616
 1505 10.57636162 2.379727343946296 2.165353857724759
 3821 6.53222684 2.806644171117047 2.300016970183824
 3558 2.80048078 2.19005281621745 1.251608628234582
 1577 9.802454919999999 2.898194432664711 2.609062633764629
 2433 12.10973052 2.106139179980033 1.983477068743807
 1920 9.45031236 2.750747404772001 2.641310139875932
 3101 8.967469579999999 2.386824128446927 0.2730284599134942
 1699 3.41844246 2.513869308072032 0.1070634010415961
 3110 8.22049664 3.12194189729381 0.04989384147129498
 3222 14.4302077 3.001102850180066 2.553583615466706
 1312 8.73526768 3.061654566719813 0.3177766522199553
 2772 8.86652818 2.408844650913367 1.075414226381737
 1670 3.63925116 2.505542548159619 1.294575059984374
 1302 4.810049039999999 2.695404333660175 3.105038023950418
 1573 13.9855691 2.212679542496721 3.073911438097916
 3989 2.37247411 2.364330115607713 0.7072770271106473
 1006 3.4464783 2.987892934782594 1.186402736426321
 1997 4.34648594 2.273687009882724 0.6261490724950957
 3145 11.47882094 3.081223285559636 0.5979556032076909
 1794 4.36144298 3.016192694621446 1.959836866768883
 1990 6.78514062 2.830884982775484 2.962619010380024
 1921 4.74042914 2.529669121037197 0.5294075908867619
 2790 7.57405742 2.762706180895181 2.67902031012515
 2339 6.366705120000001 3.082697142809117 2.335804485729045
 2628 3.9006404 2.553543539216422 1.238202132912799
 3805 2.038663136 3.13279288501548 0.8425339634130939
 1139 14.15982542 2.966157396657738 2.483999631552329
 2346 8.37658796 2.615933935688536 1.027500728680337
 1360 5.00591436 3.04474022140091 1.22320545763755
 1684 6.893281239999999 2.290110732676916 2.976617727332934
 1485 4.73787134 2.614398744078481 1.378722839122262
 2419 8.41745676 2.737451566815454 1.549983652455983
 2124 6.71099942 2.691356464829854 0.2101063174688342
 3333 8.8440789 3.012708280905521 0.9743838738986489
 3427 4.8473855 2.871632203946756 0.4223791840457342
 2956 12.06275996 2.436142609214865 0.08243895379626534
 1796 1.468827268 2.14265978617097 0.4501269555833741
 1001 10.6355462 2.457896944535766 0.9388653101005016
 3594 13.18630434 2.884853586157413 0.7487836550020961
 3089 14.90187736 3.10103062930545 2.040313003740668
 1073 12.12580756 2.895299842497522 1.218799688100155
 2079 10.2522598 2.394392015709914 2.352204667522286
 3336 8.537284159999999 2.471955079477731 0.5794911437136292
 2586 5.10754064 2.863074097151333 2.562725775752359
 1070 2.348435396 2.315791346720469 0.06766123496260024
 2007 9.469129199999999 3.033771130739416 1.877127874234485
 2413 13.81104636 2.116721154169975 0.9341450671384829
 2712 6.227002619999999 2.909738989796515 0.5423423760716076
 2555 5.06290234 2.767611798767712 0.07402784526269589
 3067 4.07224106 2.596560592495839 2.612479210023187
 2728 1.680685348 2.094445933396888 2.287813547768734
 3175 13.51811428 2.173049081068379 2.441144066607282
 3898 3.70243834 2.575815556646757 3.057690923988534
 3795 11.10690842 2.727632759832096 0.9683612522861581
 2217 11.2946249 2.524588998164734 0.8740370377292025
 1908 4.18595046 2.833304878292716 2.789365736153544
 1863 10.77730544 2.823280192270793 1.304214565803016
 3375 11.70179208 2.756667024033356 1.477511759494794
 2247 5.93998316 2.516401714494165 2.312236948792198
 3603 4.40576292 2.46937523500653 0.5093139956903281
 3600 4.11669526 2.114025008985934 1.313580313237824
 1704 4.43944762 3.099231543912494 0.7541160058767402
 1902 11.28974744 2.239598163957274 0.5706796988866201
 1460 12.23361246 2.310754420746993 2.933165731022603
 3937 11.90131602 2.422901403554564 1.813061375249829
 3529 3.22256132 3.025320937651643 0.9723120563754595
 2853 5.87399374 2.201691424255721 0.4089800086348347
 2307 1.451761016 2.253657272792962 2.218455098790958
 1504 1.498675674 2.151692738412798 3.010885120440863
 1250 7.76952444 2.93119815154366 0.1794224542778537
 3896 1.390215308 2.950372830888918 2.261594129641139
 1885 13.2554537 2.454493343054867 2.721055353900932
 3511 10.60935598 3.140528030671344 2.339850731403163
 3614 12.48651 2.387883253578231 3.036545492155752
 2645 3.67477168 2.609570304665473 2.953129578442444
 3023 7.47504942 2.916205005324158 0.5728303703854146
 3878 7.33163636 2.255481323375538 2.264494322315227
 2154 4.16757154 3.008090464335984 1.856743650301668
 3480 2.47001484 2.889506536204792 1.182651140727184
 3096 9.32318886 2.622649498392629 1.578819608856973
 1751 9.198391600000001 2.736082418849118 2.646213192114462
 1032 11.45642122 2.164263197286397 0.711524177634962
 1370 11.83524652 2.307931888243302 2.997838023318651
 2625 8.42899654 2.264136086504938 2.020925701404614
 2387 6.12917748 2.14739243842397 1.820091756953738
 1727 5.73839184 2.673602141411185 1.391448991138983
 3388 13.59892844 3.08426728987343 1.895674486376439
 2717 10.50674914 2.399173331233118 0.9635729624272628
 3978 5.67587036 2.599332011287056 2.738559114361526
 2498 12.98909152 2.353765976239267 1.072982884995271
 2263 10.9689135 2.431456599140795 0.9894406792572884
 3418 13.87284362 2.75226846968709 2.393688958689967
 3929 9.69721062 2.865197248298482 0.8388810451392059
 1879 5.5423238 3.130067165925397 0.4307692156341906
 2397 8.16471868 2.122750809808417 1.822624414703282
 3678 13.03485514 3.034875735660369 0.4432670052809219
 3421 1.1343767726 2.861665920132263 1.695286585250519
 1027 9.403226160000001 2.268772082423963 1.7130498412643
 1129 12.8130915 3.075007948181799 0.8545654150463263
 2688 3.0683789 2.338133683466367 1.850370803940155
 2622 5.71924208 3.064694235635745 0.7588444798115113
 1706 3.87466088 2.446663478380497 0.8944300267055234
 2186 8.10125528 2.346271382332887 1.776214891652935
 3042 12.28199058 2.757819831457591 1.406039992554875
 1383 1.370727658 3.052760477062064 2.664444576849554
 2511 14.45076712 2.774686864391131 0.1339063624790757
 1297 5.86678472 3.113556965557427 0.6449184549721149
 1011 9.386907480000001 2.928754317090408 0.09590310990961148
 1667 5.2196266 2.602495982552315 1.764717636434519
 2988 2.70576518 2.720839819700945 0.1832070838237435
 2750 1.0216843508 2.936900351649435 1.082819651416632
 2725 3.43153106 2.492440085702876 1.429837462658038
 1106 4.85911106 2.796656681552142 2.752869760049011
 2933 2.6271948 2.744754680649597 2.184698057409605
 2995 11.39238536 2.684794567894423 0.7455491340378132
 2692 12.30889606 2.296335494832714 1.517824550761951
 3575 8.504353779999999 2.65182347969117 2.073292061117286
 3431 13.56916136 2.717260173839714 0.6690115803599073
 3660 2.267882994 2.330045056277096 3.066503656868531
 3174 2.253523376 3.140926740666987 2.890039549286376
 1491 9.53904912 2.426120384107187 0.3915238118870162
 3782 11.85047082 2.297280234575502 2.949599150866119
 3356 12.86037776 2.374979831960044 1.3015853354953
 2080 12.5182564 2.942567910460218 0.7667825304648958
 3705 5.22923634 3.015919260868853 0.1153540075057518
 3561 10.7626634 2.776998374961814 1.939704692814663
 1602 2.66368608 3.039401576868983 2.879603901057461
 3338 10.3130156 2.70272639129802 2.037464647345364
 2650 4.903531940000001 2.707985124184815 1.99526828278682
 2251 14.29446412 2.866662214840753 0.7135404832159624
 1354 6.86018342 2.205580579825184 1.743810651484145
 1552 9.270999100000001 2.455307036496098 1.456579861714676
 1164 10.91838904 2.613259791077849 1.841422511337156
 2408 5.12498422 2.203794165522598 1.674290096325444
 3842 2.84706312 2.862143756374874 2.349679926586228
 2638 13.0254372 2.678927737861624 1.963902810228938
 1099 5.36443266 2.223131118600389 1.803695376487608
 2928 12.6938696 2.156987425780316 1.034706097095051
 3016 8.6181658 2.19341287103538 1.829520367657545
 2832 3.1591479 2.170691093775979 0.1528341848983933
 2553 6.47666336 2.468832870450814 0.5087284656515521
 1236 1.980738738 2.551030757276399 1.730004451329046
 1423 2.92862866 2.440704222691829 2.708178499684619
 3666 9.916851019999999 2.248229878268571 0.5566426230874094
 2519 1.640916962 3.014839945768761 1.36195619054598
 2877 2.40032326 2.712696057560603 0.6598168926450868
 2546 3.7732397 3.137436504532678 2.236117384016852
 2038 8.873157320000001 2.37849331587999 0.8161708488375237
 2977 8.756107799999999 2.321717311998985 0.2697395736883408
 1112 6.84377444 2.633277192180457 0.3028692264504014
 1200 6.35648806 2.557163261327937 3.090450478286446
 3717 5.32133548 2.719336169681132 3.077002451109783
 2245 14.5565136 2.966866590255334 2.784619983459178
 1401 12.63853376 2.503217602044355 2.404819527213857
 3411 11.7608046 2.926865340259657 0.3994000674129046
 3465 3.33165072 2.395215196760959 2.85083278712884
 1734 1.326298672 2.241445043446467 1.369779070412684
 2480 3.34713528 2.864723391406566 2.623974360374525
 1392 7.199973079999999 2.157371858284545 0.2930290985249009
 1040 2.7589061 2.827452269202662 0.9270124580096257
 2299 12.09096758 2.733197431483473 1.096813687396488
 1642 11.23474984 2.133347265693293 0.8381234186548662
 3387 2.202859854 3.059395374138788 2.432631732816822
 1028 1.995403556 3.111970848730458 1.630268026612193
 3574 1.352770362 2.638437813128681 0.8982059383317994
 3503 7.51363034 2.242619768715448 1.448478511075157
 3160 2.67602974 2.259929378750051 2.225458180054708
 3328 11.5183169 2.207470949428677 1.219868489336833
 3342 10.12664452 2.563519164033072 2.14582612619709
 3502 12.31226068 2.659678833153936 1.310637363487721
 2879 8.00140588 2.949441924625782 0.02613140421028988
 1274 14.70816062 2.972930052572322 2.967705374549892
 2574 6.4369112 2.410415332048431 2.630181990378385
 2633 8.060427499999999 3.005428613824549 2.731475671157698
 2675 6.20153578 2.634263652273685 2.704162633211461
 2190 4.54436334 2.709367571560051 1.646003258904375
 3413 5.38731888 2.228682208099528 2.068139817749472
 2131 12.28564444 3.056248419833736 0.4023615211437376
 2593 5.647119539999999 2.103918570764463 2.274048722388883
 1978 7.8927978 2.290522291786512 2.476432697239114
 3997 14.46848412 2.271234975872646 1.52222692737928
 2692 1.1248185484 3.109058047797854 2.810880839193874
 2543 4.60972654 2.753735509680512 0.5221964733574914
 1233 13.68888334 2.611361211445554 2.38901976660857
 2371 7.10062782 2.683381950757736 0.6324713077989594
 1500 8.43744736 2.827318657267105 2.199954793724719
 1158 4.3140415 2.220102172987382 3.030578728060642
 1556 8.554265040000001 2.46709078402057 0.2383486102476683
 2270 7.083315280000001 2.391405219798342 2.839735645150786
 1462 10.43575598 3.020111726737044 0.2802735600504985
 3075 10.06231802 2.257545590604384 1.588017312500741
 1528 9.000010899999999 2.516588639257053 1.144209293548944
 3642 11.05297314 2.829857284042691 0.7416812679945665
 3349 3.3617006 2.496813015125065 2.444768616299509
 2441 1.615556074 2.961985696716987 1.758925010820198
 2334 14.9223315 2.993338487712523 0.9174617021834474
 3785 13.1727081 2.826056459586672 0.2983984542194117
 1959 11.50298466 2.424869087753263 1.652195086697188
 2458 12.414676 2.982469016954074 1.106142395453911
 3566 12.7321918 3.009712091631914 2.395019140435424
 1538 13.35231732 2.350409467232245 0.2597523532532067
 2200 10.7362993 3.069605110439984 1.706975100629686
 1238 6.6751919 2.122229153584276 2.159425735219288
 3646 14.3704151 2.235825498643407 2.39963919800772
 1324 12.14224748 2.263299344245605 1.339208860619132
 2607 10.66952868 2.095929164077092 0.7926788043721426
 2609 13.94492206 2.631611006628724 0.6246110743956043
 2658 7.02396046 3.013606085254064 1.001863290591819
 2533 7.96082702 2.393545052802482 1.274903003690199
 2703 7.39455628 2.382804858581728 1.068509822543237
 1574 1.22043784 2.597284048924083 0.8348194370770123
 2311 14.17437758 2.184582987153889 1.850610193300358
 1615 11.93441006 2.819751503042403 2.050523933847071
 1518 14.41038832 3.018289477334256 1.467781870055507
 3056 8.252369740000001 3.050371955583466 0.9417607903856091
 2883 12.88856354 3.097664025314035 1.979743223043163
 1116 10.07747666 2.999987270628776 2.8055284449581
 3949 3.18004934 3.031371969733698 2.75129585354549
 1760 8.9557611 2.618284747583314 2.635938079270146
 1839 14.21555368 2.326050803961396 2.493847613459464
 3392 14.80753444 2.482841598612314 1.690995546676834
 1122 6.7408176 2.280830562225991 0.04018685424245363
 1296 14.23665616 2.443610405335909 1.254545640374569
 3394 9.502694200000001 2.646388325432925 2.762964514059086
 1213 5.808032040000001 2.919074745493457 0.06975115748425227
 1844 14.60982854 2.739551281681407 0.3725866997782219
 1834 7.37984676 2.165268370799864 0.6190185996492429
 1611 5.10185034 2.812594797897892 2.024916058145424
 2027 6.45402466 2.152116639792732 1.471217829940739
 1081 14.78672498 2.360961595244779 0.7318187090975193
 1643 2.61773654 3.128134573316639 1.669729571933934
 3895 6.52253198 2.934088908967811 2.143714473279053
 1369 11.15573482 2.348802322678448 2.345835339744545
 1737 11.16817606 2.51291443145695 2.59339475721894
 1673 10.72973764 2.27624404639126 2.884412956843796
 3013 8.292554919999999 2.838890640502774 2.697341638657914
 3855 2.055024754 3.003107144405154 1.666670885910472
 3670 9.02382826 2.451544832685767 0.5881094748402221
 1385 6.31676166 2.403238908174032 1.724574051347684
 1240 11.98396488 2.312658330614824 2.813249254479488
 1143 11.3461736 3.04161918523525 1.735356719901114
 2142 1.557523078 2.466089013899145 0.9939175116205069
 3284 9.039977260000001 2.622068596967029 1.78588974038893
 3870 5.6055765 2.317365787294742 1.536565156250264
 2289 6.91980046 2.824950053485931 0.7370804998011637
 3149 3.60878506 2.935669863110853 3.124729966526091
 2579 3.73549402 2.689573820438452 3.103535054609015
 2566 7.78077176 2.36488241806819 2.63281649856176
 1317 4.29770448 2.322687823273507 2.447546066948621
 2866 3.2932392 2.373920204173915 2.558979175185541
 1039 14.04509808 2.759922666972247 2.016141275704682
 3713 10.65512282 2.181271470989655 0.4727882687033664
 1181 11.65814022 2.423575201874931 2.868654099774859
 1562 7.66258824 2.385825992101004 0.8657761884306616
 1716 14.19396036 2.593789739191299 3.107928791846545
 1223 10.45230762 2.166040552282968 1.434337919798011
 1455 7.67719262 2.9102464722018 2.01172696103527
 2221 3.39304996 2.389771204155382 2.088035178449464
 1524 10.44838986 3.063624240593859 0.1880709164195871
 1127 6.90741298 3.042123546991833 0.1428878271589044
 1489 2.73199446 2.713455359561025 0.8815770485933772
 1271 10.71275088 3.116052165050565 0.2522343366791997
 3494 8.925156399999999 2.372028745484968 2.004837919584846
 1537 13.49675504 2.484368391698008 1.116795441894454
 3587 4.71525756 2.914304341768736 1.771391007549275
 1718 9.23913132 3.107656698506818 0.01555972062124476
 1792 9.0680285 2.797254872209312 0.2548580817661424
 3550 1.882665308 2.182014408433944 2.363643834692537
 1769 10.57332516 2.908627661867283 0.1707489693506344
 1625 1.1037521786 2.669349713011212 1.622107645446713
 3365 9.123566220000001 2.869170022592407 0.5872608050007814
 1944 11.7195242 3.127970854451485 2.420786420548314
 3382 5.9737744 2.278041519099987 1.880708850036606
 3720 12.55516852 2.196125219507129 2.817193681135703
 1561 12.18739202 2.685428059581044 2.604234539926812
 3542 2.394185576 2.301501446016473 2.124094912998119
 3633 1.863989602 2.719607268183187 1.978135104595643
 3240 3.856798 3.008985755410404 3.093821878442645
 2321 4.7054192 2.784293802365931 1.828146706269763
 2464 7.846038920000001 2.656028040691077 1.525427990381802
 2980 11.76638738 2.312053155149987 2.100446762793781
 3311 14.86340032 2.408456946963987 2.56357281196362
 3777 5.99581348 2.475163169175822 0.4959130295716163
 1860 6.33662682 2.957214811281392 0.3523603094603209
 2168 14.56630478 2.954386697214753 3.071467373261203
 3361 7.5323888 2.710959667885038 2.618488511282826
 2960 8.0404537 2.109149911686033 2.304940097199411
 1167 3.24629034 2.539223521110853 0.6094441562144565
 1916 1.775074454 2.78917532422281 0.2396081532823088
 2695 7.91892516 2.149536793227136 0.2791923149653198
 3759 3.28118254 2.845761837706926 2.506602856624157
 3163 12.02684408 2.711951091694657 0.9646984379954112
 3959 4.48761714 2.187437539817104 2.10324981742302
 2264 3.4683253 2.699371934798198 2.522219996448491
 2733 5.3460333 2.251402195698314 1.954420635370388
 1905 13.23684784 2.565044888977263 1.761183815938129
 1741 2.24171362 2.857232525523468 2.656888889438038
 3184 10.00481162 2.450423472603994 1.42196409739739
 2598 3.1925106 2.403462882786281 0.6053619707203819
 1088 2.16276895 2.138993378945425 0.0415124178467093
 3767 11.6923894 2.675350500554761 2.856529091512403
 1666 8.496039320000001 2.308611467094151 2.084573928743372
 1849 11.0257661 3.104787576184074 1.191285965215208
 3456 2.6004639 2.146143664768946 1.968155112965205
 1218 6.2885084 2.639993592642591 0.5464425314756607
 1584 9.335758759999999 2.099537737199878 0.4684784748215392
 2358 9.842754060000001 2.895927459405881 0.4390015706873635
 1094 4.65412096 2.252548248698343 3.008878490965236
 2980 11.56002108 3.043262028753567 1.944641454342367
 1087 14.67718016 2.48157189252544 1.009402547473757
 2759 6.08972842 2.62045865639577 0.9066178354051249
 2054 13.14150504 3.032546611226875 0.3304343803486808
 3948 2.118661838 2.352292705420415 2.245770367267979
 3121 13.3019652 2.73168067055032 2.707852685110515
 1681 11.59166206 2.944154058703113 0.04534307172497421
 2014 6.685733480000001 2.20317342870215 2.138323720196978
 2156 9.752218859999999 2.660603529535594 0.5662820032423456
 3525 10.5399367 2.951505909111289 1.794146631280728
 1942 12.90306922 2.781853706407937 2.38734291011379
 2833 11.43527758 2.714796296025332 0.5326284459230017
 2600 12.83920262 2.813504121419499 1.562155878856022
 2660 7.887216700000001 3.100246267867628 0.228915651579629
 2163 2.221232992 2.154285958738321 0.4175457809163332
 2557 6.98670632 3.048905711460182 2.08033808795261
 2590 4.48457718 2.404549193166015 1.502328330838854
 3122 9.71336634 2.723669158988719 1.556394355008971
 3969 12.96653444 2.285795210624484 1.147418807435705
 3244 11.01024948 2.74913128573519 0.5041291740066967
 3167 10.29724866 2.773966015484789 2.231509672903685
 2931 11.96952864 2.380612047853473 0.05487482405719098
 2383 6.87864522 2.56366915413833 0.565250618374172
 2342 2.48667148 2.891974246762211 0.5505914443976975
 2503 12.1787977 2.940499108865976 2.897418584942981
 2395 5.84670438 2.221796863256459 2.253245095836812
 2909 10.96763418 2.540981336448317 0.5377754742470106
 3623 10.2308251 3.088778575036083 1.011935550798494
 3044 1.00910672574 2.565896773713186 2.195799220626256
 3051 4.64144592 2.178922639345445 1.413627598547751
 2942 4.23608222 2.763598560760408 0.1065463985633728
 1286 12.58994942 2.952140196668048 1.084667064976575
 2517 8.23447522 2.787692303994756 2.479277974873617
 2281 6.26700118 2.245577106959905 1.309475539692571
 1842 10.13564148 2.464891941434421 2.34101095298606
 3764 3.25706628 2.598245051644841 1.34762336521436
 3448 9.178826880000001 2.695775429056393 2.163132280479772
 1397 9.018106040000001 2.27971228090502 2.835692321157836
 1521 7.20390568 2.899263495700777 2.452245669646905
 1004 4.78000826 2.705315880458667 1.438552931829479
 3862 10.83074834 3.135889385342515 1.374470190810804
 1405 14.66191554 3.130456524446907 0.02057889711982678
 2793 13.66221516 3.069070914025167 2.693232466882945
 2885 10.47395036 2.205242858614923 1.355837467614216
 3383 9.35971136 2.534214701919652 2.281777134564493
 3621 6.92532206 2.304872134078338 1.151301973035174
 2656 8.591452539999999 3.027095864197093 2.469131510248465
 2859 6.2507098 2.665730346946865 1.927471833676409
 1411 2.58801636 2.191933512857163 1.709151658851946
 1438 14.53656066 2.355545604701721 1.951959386021859
 2461 11.6036553 3.02564723393662 0.4591476618970387
 3206 8.938908040000001 2.365903299544925 2.149430663944112
 3266 13.8525103 2.980563421098186 1.496192486227128
 2126 3.0908251 2.328660116571688 2.331628021039436
 1194 5.762061220000001 2.853620437482101 1.201075670578618
 2324 7.75460072 2.249412855454256 1.554843947618498
 2477 4.89001844 2.171975132855737 2.308423086726666
 1190 13.2113586 2.715974414214379 3.085724737537283
 2938 7.05219832 2.451155180948942 2.644089129905444
 2199 11.53806628 3.062403124473359 3.117366795912386
 2064 13.41170462 2.141831105238386 3.047998702245164
 2926 4.26417546 3.023117592116023 1.937056487287319
 2072 12.20906766 2.442082439388959 0.8042349644528134
 3736 14.38453354 3.125890921147274 3.000657728388954
 3400 3.23758458 2.351207253742673 2.987709905594596
 1083 10.1785505 2.135913382451796 2.097162510417792
 3583 9.78069052 3.006802610315547 1.29174194031344
 2786 4.04769024 2.740744353851485 0.3128314994982735
 1319 14.84489204 2.601419829988828 0.3440924229942359
 3203 10.81627486 2.498050299975755 3.018454285284863
 2410 9.978858000000001 3.097417703506042 2.908236156590792
 2527 6.99271974 2.13285957322733 2.688469215517499
 1511 12.68696242 2.48652494844704 0.05843728331221158
 3498 14.30565558 2.828847398140244 1.507835982583569
 3423 14.28489302 2.302174762625966 1.768134526852343
 2032 7.94636166 2.657069070248697 2.277160972567088
 1936 11.88166408 2.467398785764328 0.9862094255493651
 3314 5.9649474 2.844605480282993 2.031744435441708
 2964 13.45772094 2.102787605786752 1.331787099302439
 2277 9.98997582 2.779053887619131 2.002084156544341
 3824 9.3155611 2.219158647993754 0.7785909918515764
 3942 11.33914084 2.901348748768548 2.426610870496217
 3092 5.92496256 2.667850073758022 1.483315035108211
 2476 12.71431674 2.729583186215151 1.105077238464711
 1361 1.909245428 2.209944733731894 0.441696208954127
 3901 2.9737816 2.748363218691265 2.008393354238693
 2430 6.49143308 2.617977039054871 1.423784241933101
 3070 1.91527695 2.487456839075874 0.1311333351924197
 1151 11.8005331 2.110668910480353 1.609665179246612
 2955 6.63046498 2.994703656328165 0.01068199119029796
 3170 7.940393459999999 3.027487715048775 0.06323644622328108
 2523 7.106832900000001 2.876644531249755 1.870089952708207
 3297 10.62222702 2.925705527083805 2.266867481405749
 2147 3.0578537 2.227878295483425 0.7513039348765854
 2741 9.8066909 2.383578737572062 2.439729878674269
 2542 10.16440686 3.067064473045099 0.7797105926414627
 3368 13.96344182 3.139409435191108 2.120212689876445
 3035 1.876141322 3.08796360401384 0.482772093076842
 3318 14.22492192 2.629295590011175 1.675561467456425
 3406 1.62064317 2.771517301090949 0.6761345762152444
 1056 3.3024589 2.11897222573399 1.590671392806347
 3217 8.4772614 2.479704927787215 1.576153590499284
 2936 2.9064822 2.108225604861864 1.682340867323239
 3538 4.58175216 2.682400171637563 2.577240750626034
 1481 13.44175072 2.527550650863102 2.458461216464253
 3940 11.18979038 2.906369851587026 1.92069755460562
 3463 6.56697302 2.893994248950567 2.923929480036975
 2947 1.545169534 2.246551754664754 2.065777402905825
 3201 14.62539052 2.249321466523964 0.2909533602940798
 1759 10.74404606 2.663869497842339 0.2484914274837496
 3137 7.24820378 2.693499648866157 2.516766034522226
 2889 12.3636026 2.419487110186667 1.334826527362934
 1044 13.7492267 2.299396798850054 0.7633256161566653
 3912 3.80238966 2.758784436537925 2.366663282223755
 3790 9.28522688 2.581382301749285 1.774594709489626
 2497 14.32417142 2.755973349903468 2.094179002706531
 2896 4.92858662 2.101711750627369 0.4785238429950987
 1949 6.03160448 2.608110500807129 1.974449356678525
 3327 14.12811192 2.44936210646993 1.716760847586353
 2075 8.9099608 2.216345330828513 2.928724995558974
 1764 9.96277956 2.600606094659695 0.0004818323484663738
 2214 12.535895 2.545342244042617 0.2641778174349463
 1196 13.48518978 2.813982219461498 2.056199660798752
 2824 6.550534219999999 2.799432079694053 1.426699828411191
 1851 7.49310438 2.225757050235819 1.136815712318354
 1418 7.73451786 2.319270629168393 1.547989180943925
 3008 6.57891614 2.230381307070295 0.7832200972107145
 3800 12.78725772 2.665063439186385 0.9456474745688508
 3814 5.74677028 2.150636843885939 0.2637802803005611
 2046 7.28172482 2.35996874724649 2.833434207190289
 3839 8.11915218 2.555610916621994 1.79062657096016
 2330 5.8921005 2.294426024345887 0.4282357724864827
 2822 14.73537816 3.020877814577597 1.559478676428486
 1661 10.59416696 2.708054616214312 1.514225102395028
 3933 3.5674558 2.744080641473794 1.350552868947906
 3922 4.40157846 2.64995088103012 1.269547216534359
 1756 2.336224848 2.782431832760026 1.403408468884521
 3323 10.09252596 2.398132626306739 2.372016650353252
 1147 14.59697808 2.435319501467649 1.398909802452361
 2781 10.53133412 2.924474431170643 0.007002437551414967
 3153 8.692958279999999 2.912783318741549 0.8089960795352552
 2630 9.47338128 2.770281901195851 1.514318816103884
 2508 10.95324428 2.558341861227858 1.987962163495704
 1740 2.53602568 2.111184386144547 0.885951716363501
 2212 2.323742098 2.214840277563983 1.050044923226203
 1646 9.894299820000001 2.879333923056786 0.3817619096185901
 2767 13.37445692 2.548009424789589 2.435889847141933
 3914 2.84871862 2.840509880188288 1.464633774305125
 1414 10.36434254 3.093860059265362 1.923755203903506
 1355 12.37651676 2.358856235984025 1.742975773236453
 2848 8.821148019999999 2.200713854869704 2.188261817283984
 2440 6.83394434 2.496400513537673 1.64209800790855
 3774 4.96740218 2.349502908312174 0.4868536502523859
 3115 10.4953285 2.331659196110535 1.205378741452167
 1052 9.690372739999999 2.646033576790481 0.6567713384789172
 1547 9.9403776 2.491939849904645 0.1217668966072275
 3425 3.03122276 2.389336240180516 0.7333318257831943
 3701 1.727218282 2.654725337409364 0.7856691885956735
 1885 2.68107492 2.775437862114972 0.6025415430837686
 3434 6.61327032 2.292251654766509 2.622790168439681
 3654 8.381349219999999 2.58134148198874 1.917348334093555


